1 tanh 0 0  	
1 tanh 0 0  	
1 tanh 0 0  	
1 tanh 0 0  	
1 tanh 1 2  	
1 tanh 1 2  	
1 tanh 1 2  	
1 tanh 1 2  	
1 tanh 1 2  	
1 tanh 1 2  	
1 tanh 1 2  	
1 tanh 1 2  	
1 tanh 2 2  	
1 tanh 2 2  	
1 tanh 2 2  	
1 tanh 2 2  	
1 tanh 2 2  	
1 tanh 2 2  	
1 tanh 2 2  	
1 tanh 2 2  	
1 tanh 999999 1  	
1 tanh 999999 1  	
1 tanh 999999 1  	
1 tanh 999999 1  	
1 tanh 999999 1  	
1 tanh 999999 1  	
1 tanh 999999 1  	
1 tanh 999999 1  	
1 tanh 999999 1  	
1 tanh 999999 1  	
1 tanh 999999 1  	
1 tanh 999999 1  	
1 tanh 999999 1  	
1 tanh 999999 1  	
1 tanh 999999 1  	
1 tanh 999999 1  	
1 tanh 999999 1  	
1 tanh 999999 1  	
1 tanh 999999 1  	
1 tanh 999999 1  	
1 tanh 999999 1  	
1 tanh 999999 1  	
1 tanh 999999 1  	
1 tanh 999999 1  	
1 tanh 999999 1  	
1 tanh 999999 1  	
1 tanh 999999 1  	
1 tanh 999999 1  	
1 tanh 999999 1  	
1 tanh 999999 1  	
1 tanh 999999 1  	
0 0 0 4 1 0.215385 0 	
0 1 1 4 1 -0.121419 1 	
0 2 2 4 1 0.367903 2 	
0 3 3 4 1 0 3 	
0 4 0 5 1 -0.383444 4 	
0 5 1 5 1 0.00621981 5 	
0 6 2 5 1 0.0256193 6 	
0 7 3 5 1 0 7 	
0 8 0 6 1 0.186489 8 	
0 9 1 6 1 0.231543 9 	
0 10 2 6 1 -0.176269 10 	
0 11 3 6 1 0 11 	
0 12 0 7 1 0.494907 12 	
0 13 1 7 1 0.534622 13 	
0 14 2 7 1 -0.502589 14 	
0 15 3 7 1 0 15 	
0 16 0 8 1 -0.57291 16 	
0 17 1 8 1 0.521143 17 	
0 18 2 8 1 -0.246238 18 	
0 19 3 8 1 0 19 	
0 20 0 9 1 0.0886279 20 	
0 21 1 9 1 0.0704266 21 	
0 22 2 9 1 -0.297776 22 	
0 23 3 9 1 0 23 	
0 24 0 10 1 0.453535 24 	
0 25 1 10 1 -0.234714 25 	
0 26 2 10 1 0.388271 26 	
0 27 3 10 1 0 27 	
0 28 0 11 1 0.365084 28 	
0 29 1 11 1 -0.358212 29 	
0 30 2 11 1 0.544665 30 	
0 31 3 11 1 0 31 	
0 32 4 12 1 -0.101857 32 	
0 33 5 12 1 -0.153238 33 	
0 34 6 12 1 -0.00198535 34 	
0 35 7 12 1 -0.156314 35 	
0 36 8 12 1 0.0503458 36 	
0 37 9 12 1 0.0405809 37 	
0 38 10 12 1 -0.140916 38 	
0 39 11 12 1 -0.0980696 39 	
0 40 3 12 1 0 40 	
0 41 4 13 1 -0.32769 41 	
0 42 5 13 1 0.276319 42 	
0 43 6 13 1 0.24409 43 	
0 44 7 13 1 0.345472 44 	
0 45 8 13 1 0.340713 45 	
0 46 9 13 1 -0.165312 46 	
0 47 10 13 1 0.13495 47 	
0 48 11 13 1 0.284573 48 	
0 49 3 13 1 0 49 	
0 50 4 14 1 -0.157188 50 	
0 51 5 14 1 -0.0990623 51 	
0 52 6 14 1 -0.312347 52 	
0 53 7 14 1 -0.164956 53 	
0 54 8 14 1 0.280624 54 	
0 55 9 14 1 -0.236742 55 	
0 56 10 14 1 -0.333236 56 	
0 57 11 14 1 -0.333322 57 	
0 58 3 14 1 0 58 	
0 59 4 15 1 0.0551473 59 	
0 60 5 15 1 0.291112 60 	
0 61 6 15 1 -0.0681707 61 	
0 62 7 15 1 0.157511 62 	
0 63 8 15 1 -0.00372252 63 	
0 64 9 15 1 -0.0657862 64 	
0 65 10 15 1 -0.293702 65 	
0 66 11 15 1 0.176955 66 	
0 67 3 15 1 0 67 	
0 68 4 16 1 -0.321335 68 	
0 69 5 16 1 -0.0366965 69 	
0 70 6 16 1 -0.147099 70 	
0 71 7 16 1 0.0544675 71 	
0 72 8 16 1 0.119509 72 	
0 73 9 16 1 -0.209875 73 	
0 74 10 16 1 0.282092 74 	
0 75 11 16 1 0.107888 75 	
0 76 3 16 1 0 76 	
0 77 4 17 1 -0.250725 77 	
0 78 5 17 1 -0.0841938 78 	
0 79 6 17 1 -0.0583843 79 	
0 80 7 17 1 0.0574348 80 	
0 81 8 17 1 -0.166381 81 	
0 82 9 17 1 -0.0725083 82 	
0 83 10 17 1 0.0786909 83 	
0 84 11 17 1 -0.29217 84 	
0 85 3 17 1 0 85 	
0 86 4 18 1 -0.122379 86 	
0 87 5 18 1 0.138521 87 	
0 88 6 18 1 -0.173761 88 	
0 89 7 18 1 0.352151 89 	
0 90 8 18 1 0.246938 90 	
0 91 9 18 1 0.245633 91 	
0 92 10 18 1 -0.259983 92 	
0 93 11 18 1 0.283322 93 	
0 94 3 18 1 0 94 	
0 95 4 19 1 -0.00608552 95 	
0 96 5 19 1 -0.142859 96 	
0 97 6 19 1 0.180634 97 	
0 98 7 19 1 -0.268745 98 	
0 99 8 19 1 -0.188273 99 	
0 100 9 19 1 0.255656 100 	
0 101 10 19 1 0.298287 101 	
0 102 11 19 1 -0.304017 102 	
0 103 3 19 1 0 103 	
0 104 12 20 1 0.336948 104 	
0 105 13 20 1 0.14602 105 	
0 106 14 20 1 -0.0101857 106 	
0 107 15 20 1 0.270536 107 	
0 108 16 20 1 0.116445 108 	
0 109 17 20 1 0.198729 109 	
0 110 18 20 1 0.196916 110 	
0 111 19 20 1 0.0528059 111 	
0 112 3 20 1 0 112 	
0 113 12 21 1 0.0149656 113 	
0 114 13 21 1 0.169898 114 	
0 115 14 21 1 -0.0583195 115 	
0 116 15 21 1 -0.0536475 116 	
0 117 16 21 1 0.323957 117 	
0 118 17 21 1 0.254513 118 	
0 119 18 21 1 -0.00411096 119 	
0 120 19 21 1 0.339311 120 	
0 121 3 21 1 0 121 	
0 122 12 22 1 0.161655 122 	
0 123 13 22 1 -0.0768674 123 	
0 124 14 22 1 0.34599 124 	
0 125 15 22 1 -0.182253 125 	
0 126 16 22 1 -0.076479 126 	
0 127 17 22 1 -0.200099 127 	
0 128 18 22 1 -0.0339343 128 	
0 129 19 22 1 -0.123189 129 	
0 130 3 22 1 0 130 	
0 131 12 23 1 0.0982638 131 	
0 132 13 23 1 -0.144326 132 	
0 133 14 23 1 -0.0330064 133 	
0 134 15 23 1 -0.18809 134 	
0 135 16 23 1 0.3087 135 	
0 136 17 23 1 0.338113 136 	
0 137 18 23 1 -0.0266295 137 	
0 138 19 23 1 -0.270708 138 	
0 139 3 23 1 0 139 	
0 140 12 24 1 -0.0416599 140 	
0 141 13 24 1 -0.224991 141 	
0 142 14 24 1 -0.113996 142 	
0 143 15 24 1 -0.205807 143 	
0 144 16 24 1 -0.309779 144 	
0 145 17 24 1 -0.303369 145 	
0 146 18 24 1 -0.076684 146 	
0 147 19 24 1 -0.240108 147 	
0 148 3 24 1 0 148 	
0 149 12 25 1 0.264688 149 	
0 150 13 25 1 -0.32141 150 	
0 151 14 25 1 0.103734 151 	
0 152 15 25 1 0.133169 152 	
0 153 16 25 1 -0.0655919 153 	
0 154 17 25 1 0.344619 154 	
0 155 18 25 1 0.146689 155 	
0 156 19 25 1 -0.0703503 156 	
0 157 3 25 1 0 157 	
0 158 12 26 1 0.256379 158 	
0 159 13 26 1 -0.0998392 159 	
0 160 14 26 1 0.0259174 160 	
0 161 15 26 1 0.205613 161 	
0 162 16 26 1 0.126231 162 	
0 163 17 26 1 0.131227 163 	
0 164 18 26 1 0.288318 164 	
0 165 19 26 1 -0.2486 165 	
0 166 3 26 1 0 166 	
0 167 12 27 1 0.00366857 167 	
0 168 13 27 1 -0.171916 168 	
0 169 14 27 1 0.280614 169 	
0 170 15 27 1 0.156562 170 	
0 171 16 27 1 0.0591072 171 	
0 172 17 27 1 -0.0348515 172 	
0 173 18 27 1 -0.156163 173 	
0 174 19 27 1 0.163338 174 	
0 175 3 27 1 0 175 	
0 176 12 28 1 0.212356 176 	
0 177 13 28 1 -0.194219 177 	
0 178 14 28 1 -0.0973791 178 	
0 179 15 28 1 -0.145491 179 	
0 180 16 28 1 -0.0842369 180 	
0 181 17 28 1 0.28972 181 	
0 182 18 28 1 0.28945 182 	
0 183 19 28 1 0.0931818 183 	
0 184 3 28 1 0 184 	
0 185 12 29 1 0.0531404 185 	
0 186 13 29 1 -0.149969 186 	
0 187 14 29 1 -0.231217 187 	
0 188 15 29 1 -0.27182 188 	
0 189 16 29 1 -0.234443 189 	
0 190 17 29 1 0.152947 190 	
0 191 18 29 1 -0.211558 191 	
0 192 19 29 1 -0.0135629 192 	
0 193 3 29 1 0 193 	
0 194 12 30 1 -0.211116 194 	
0 195 13 30 1 -0.216435 195 	
0 196 14 30 1 -0.00147822 196 	
0 197 15 30 1 -0.0887147 197 	
0 198 16 30 1 -0.222887 198 	
0 199 17 30 1 0.246863 199 	
0 200 18 30 1 -0.0653222 200 	
0 201 19 30 1 0.171333 201 	
0 202 3 30 1 0 202 	
0 203 12 31 1 -0.278197 203 	
0 204 13 31 1 0.27879 204 	
0 205 14 31 1 -0.341318 205 	
0 206 15 31 1 0.23836 206 	
0 207 16 31 1 0.0174905 207 	
0 208 17 31 1 -0.305053 208 	
0 209 18 31 1 0.126857 209 	
0 210 19 31 1 -0.245018 210 	
0 211 3 31 1 0 211 	
0 212 12 32 1 -0.0348622 212 	
0 213 13 32 1 0.151059 213 	
0 214 14 32 1 0.129501 214 	
0 215 15 32 1 -0.197995 215 	
0 216 16 32 1 0.0619881 216 	
0 217 17 32 1 -0.100454 217 	
0 218 18 32 1 0.319371 218 	
0 219 19 32 1 0.272888 219 	
0 220 3 32 1 0 220 	
0 221 12 33 1 -0.0246226 221 	
0 222 13 33 1 0.150692 222 	
0 223 14 33 1 -0.300586 223 	
0 224 15 33 1 0.268637 224 	
0 225 16 33 1 0.0826508 225 	
0 226 17 33 1 -0.019929 226 	
0 227 18 33 1 0.0806439 227 	
0 228 19 33 1 0.166877 228 	
0 229 3 33 1 0 229 	
0 230 12 34 1 0.00721846 230 	
0 231 13 34 1 -0.258839 231 	
0 232 14 34 1 0.176674 232 	
0 233 15 34 1 0.0283559 233 	
0 234 16 34 1 -0.0163252 234 	
0 235 17 34 1 -0.224517 235 	
0 236 18 34 1 0.351784 236 	
0 237 19 34 1 0.287087 237 	
0 238 3 34 1 0 238 	
0 239 12 35 1 0.240281 239 	
0 240 13 35 1 -0.341339 240 	
0 241 14 35 1 0.163327 241 	
0 242 15 35 1 0.320957 242 	
0 243 16 35 1 0.231476 243 	
0 244 17 35 1 -0.163295 244 	
0 245 18 35 1 -0.262562 245 	
0 246 19 35 1 0.248481 246 	
0 247 3 35 1 0 247 	
0 248 12 36 1 0.286052 248 	
0 249 13 36 1 0.0160986 249 	
0 250 14 36 1 -0.202786 250 	
0 251 15 36 1 0.294953 251 	
0 252 16 36 1 -0.334898 252 	
0 253 17 36 1 -0.208602 253 	
0 254 18 36 1 -0.180947 254 	
0 255 19 36 1 -0.202624 255 	
0 256 3 36 1 0 256 	
0 257 12 37 1 -0.293065 257 	
0 258 13 37 1 -0.288361 258 	
0 259 14 37 1 0.34845 259 	
0 260 15 37 1 -0.0994831 260 	
0 261 16 37 1 -0.099796 261 	
0 262 17 37 1 -0.109226 262 	
0 263 18 37 1 0.166197 263 	
0 264 19 37 1 0.351449 264 	
0 265 3 37 1 0 265 	
0 266 12 38 1 0.156389 266 	
0 267 13 38 1 -0.23604 267 	
0 268 14 38 1 0.278736 268 	
0 269 15 38 1 -0.0445624 269 	
0 270 16 38 1 -0.0403435 270 	
0 271 17 38 1 0.272046 271 	
0 272 18 38 1 -0.18987 272 	
0 273 19 38 1 0.107629 273 	
0 274 3 38 1 0 274 	
0 275 12 39 1 -0.092243 275 	
0 276 13 39 1 -0.0591719 276 	
0 277 14 39 1 -0.225207 277 	
0 278 15 39 1 -0.114977 278 	
0 279 16 39 1 -0.218388 279 	
0 280 17 39 1 0.215194 280 	
0 281 18 39 1 0.00325856 281 	
0 282 19 39 1 -0.0832874 282 	
0 283 3 39 1 0 283 	
0 284 12 40 1 -0.151771 284 	
0 285 13 40 1 -0.24027 285 	
0 286 14 40 1 0.132856 286 	
0 287 15 40 1 0.191219 287 	
0 288 16 40 1 -0.110899 288 	
0 289 17 40 1 0.203293 289 	
0 290 18 40 1 0.0654733 290 	
0 291 19 40 1 -0.189676 291 	
0 292 3 40 1 0 292 	
0 293 12 41 1 0.0884989 293 	
0 294 13 41 1 -0.350985 294 	
0 295 14 41 1 -0.234616 295 	
0 296 15 41 1 0.270503 296 	
0 297 16 41 1 0.245158 297 	
0 298 17 41 1 -0.0541654 298 	
0 299 18 41 1 -0.350133 299 	
0 300 19 41 1 0.211634 300 	
0 301 3 41 1 0 301 	
0 302 12 42 1 -0.286429 302 	
0 303 13 42 1 0.333775 303 	
0 304 14 42 1 -0.211677 304 	
0 305 15 42 1 0.334142 305 	
0 306 16 42 1 0.298395 306 	
0 307 17 42 1 0.0669731 307 	
0 308 18 42 1 -0.212842 308 	
0 309 19 42 1 -0.0286472 309 	
0 310 3 42 1 0 310 	
0 311 12 43 1 0.213198 311 	
0 312 13 43 1 -0.015818 312 	
0 313 14 43 1 -0.121592 313 	
0 314 15 43 1 -0.215 314 	
0 315 16 43 1 0.0258634 315 	
0 316 17 43 1 0.182468 316 	
0 317 18 43 1 -0.0263814 317 	
0 318 19 43 1 0.189309 318 	
0 319 3 43 1 0 319 	
0 320 12 44 1 0.0553199 320 	
0 321 13 44 1 0.0370418 321 	
0 322 14 44 1 -0.265659 322 	
0 323 15 44 1 0.172002 323 	
0 324 16 44 1 0.188942 324 	
0 325 17 44 1 0.203973 325 	
0 326 18 44 1 0.340994 326 	
0 327 19 44 1 -0.0109949 327 	
0 328 3 44 1 0 328 	
0 329 12 45 1 -0.231994 329 	
0 330 13 45 1 0.303337 330 	
0 331 14 45 1 0.349248 331 	
0 332 15 45 1 -0.0504213 332 	
0 333 16 45 1 -0.301201 333 	
0 334 17 45 1 -0.0183968 334 	
0 335 18 45 1 0.337584 335 	
0 336 19 45 1 -0.275704 336 	
0 337 3 45 1 0 337 	
0 338 12 46 1 -0.201901 338 	
0 339 13 46 1 -0.207479 339 	
0 340 14 46 1 0.0563018 340 	
0 341 15 46 1 0.210004 341 	
0 342 16 46 1 -0.263598 342 	
0 343 17 46 1 -0.170707 343 	
0 344 18 46 1 -0.170017 344 	
0 345 19 46 1 -0.269047 345 	
0 346 3 46 1 0 346 	
0 347 12 47 1 -0.0983609 347 	
0 348 13 47 1 -0.264439 348 	
0 349 14 47 1 0.331035 349 	
0 350 15 47 1 0.331693 350 	
0 351 16 47 1 0.231897 351 	
0 352 17 47 1 -0.317159 352 	
0 353 18 47 1 -0.125433 353 	
0 354 19 47 1 -0.12253 354 	
0 355 3 47 1 0 355 	
0 356 12 48 1 0.243226 356 	
0 357 13 48 1 0.2109 357 	
0 358 14 48 1 -0.0632721 358 	
0 359 15 48 1 0.345709 359 	
0 360 16 48 1 0.130547 360 	
0 361 17 48 1 0.153346 361 	
0 362 18 48 1 -0.138122 362 	
0 363 19 48 1 0.327442 363 	
0 364 3 48 1 0 364 	
0 365 12 49 1 0.307157 365 	
0 366 13 49 1 0.28698 366 	
0 367 14 49 1 -0.198599 367 	
0 368 15 49 1 -0.298967 368 	
0 369 16 49 1 -0.227182 369 	
0 370 17 49 1 -0.342364 370 	
0 371 18 49 1 0.010477 371 	
0 372 19 49 1 -0.188036 372 	
0 373 3 49 1 0 373 	
0 374 12 50 1 -0.237724 374 	
0 375 13 50 1 0.0429007 375 	
0 376 14 50 1 -0.0701777 376 	
0 377 15 50 1 0.22251 377 	
0 378 16 50 1 -0.292957 378 	
0 379 17 50 1 -0.26076 379 	
0 380 18 50 1 -0.341069 380 	
0 381 19 50 1 -0.163823 381 	
0 382 3 50 1 0 382 	
