1 tanh 0 0  	
1 tanh 0 0  	
1 tanh 0 0  	
1 tanh 0 0  	
1 tanh 1 2  	
1 tanh 1 2  	
1 tanh 1 2  	
1 tanh 1 2  	
1 tanh 1 2  	
1 tanh 1 2  	
1 tanh 1 2  	
1 tanh 1 2  	
1 tanh 1 2  	
1 tanh 1 2  	
1 tanh 1 2  	
1 tanh 1 2  	
1 tanh 1 2  	
1 tanh 1 2  	
1 tanh 1 2  	
1 tanh 1 2  	
1 tanh 1 2  	
1 tanh 1 2  	
1 tanh 1 2  	
1 tanh 1 2  	
1 tanh 999999 1  	
1 tanh 999999 1  	
1 tanh 999999 1  	
1 tanh 999999 1  	
1 tanh 999999 1  	
1 tanh 999999 1  	
1 tanh 999999 1  	
1 tanh 999999 1  	
1 tanh 999999 1  	
1 tanh 999999 1  	
1 tanh 999999 1  	
1 tanh 999999 1  	
1 tanh 999999 1  	
1 tanh 999999 1  	
1 tanh 999999 1  	
1 tanh 999999 1  	
1 tanh 999999 1  	
1 tanh 999999 1  	
1 tanh 999999 1  	
1 tanh 999999 1  	
1 tanh 999999 1  	
1 tanh 999999 1  	
1 tanh 999999 1  	
1 tanh 999999 1  	
1 tanh 999999 1  	
1 tanh 999999 1  	
1 tanh 999999 1  	
1 tanh 999999 1  	
1 tanh 999999 1  	
1 tanh 999999 1  	
1 tanh 999999 1  	
0 0 0 4 1 -14.4466 0 	
0 1 1 4 1 5.05609 1 	
0 2 2 4 1 1.36576 2 	
0 3 3 4 1 15.0358 3 	
0 4 0 5 1 0.0221063 4 	
0 5 1 5 1 -0.113204 5 	
0 6 2 5 1 -0.758916 6 	
0 7 3 5 1 -4.31244 7 	
0 8 0 6 1 -0.0261674 8 	
0 9 1 6 1 -0.18985 9 	
0 10 2 6 1 -0.048668 10 	
0 11 3 6 1 -3.80892 11 	
0 12 0 7 1 -0.0427438 12 	
0 13 1 7 1 0.249337 13 	
0 14 2 7 1 0.430269 14 	
0 15 3 7 1 3.51749 15 	
0 16 0 8 1 11.5359 16 	
0 17 1 8 1 1.59249 17 	
0 18 2 8 1 -0.291002 18 	
0 19 3 8 1 3.1389 19 	
0 20 0 9 1 24.7275 20 	
0 21 1 9 1 -5.5742 21 	
0 22 2 9 1 -0.129348 22 	
0 23 3 9 1 6.41724 23 	
0 24 0 10 1 -9.21084 24 	
0 25 1 10 1 7.96965 25 	
0 26 2 10 1 0.0805165 26 	
0 27 3 10 1 9.53104 27 	
0 28 0 11 1 0.00505218 28 	
0 29 1 11 1 0.0032665 29 	
0 30 2 11 1 0.12354 30 	
0 31 3 11 1 -0.00659979 31 	
0 32 0 12 1 1.74908 32 	
0 33 1 12 1 -10.082 33 	
0 34 2 12 1 -0.145122 34 	
0 35 3 12 1 10.5578 35 	
0 36 0 13 1 0.0125744 36 	
0 37 1 13 1 -0.175337 37 	
0 38 2 13 1 -0.411149 38 	
0 39 3 13 1 -3.88748 39 	
0 40 0 14 1 -2.7332 40 	
0 41 1 14 1 -11.9145 41 	
0 42 2 14 1 0.257793 42 	
0 43 3 14 1 19.2405 43 	
0 44 0 15 1 22.6867 44 	
0 45 1 15 1 13.697 45 	
0 46 2 15 1 1.72953 46 	
0 47 3 15 1 21.1343 47 	
0 48 0 16 1 -0.246461 48 	
0 49 1 16 1 -0.735288 49 	
0 50 2 16 1 -0.456172 50 	
0 51 3 16 1 -2.83581 51 	
0 52 0 17 1 8.94503 52 	
0 53 1 17 1 6.18295 53 	
0 54 2 17 1 0.0455127 54 	
0 55 3 17 1 -1.90131 55 	
0 56 0 18 1 -1.23109 56 	
0 57 1 18 1 9.74676 57 	
0 58 2 18 1 0.851015 58 	
0 59 3 18 1 4.77078 59 	
0 60 0 19 1 -13.4356 60 	
0 61 1 19 1 -4.66067 61 	
0 62 2 19 1 -1.0448 62 	
0 63 3 19 1 -12.5971 63 	
0 64 0 20 1 -7.49483 64 	
0 65 1 20 1 2.16472 65 	
0 66 2 20 1 0.177984 66 	
0 67 3 20 1 3.43719 67 	
0 68 0 21 1 1.29945 68 	
0 69 1 21 1 10.5067 69 	
0 70 2 21 1 0.158173 70 	
0 71 3 21 1 -7.72522 71 	
0 72 0 22 1 29.2032 72 	
0 73 1 22 1 24.7949 73 	
0 74 2 22 1 1.40899 74 	
0 75 3 22 1 27.7433 75 	
0 76 0 23 1 8.54602 76 	
0 77 1 23 1 -4.58598 77 	
0 78 2 23 1 0.405292 78 	
0 79 3 23 1 1.16038 79 	
0 80 4 24 1 -0.374542 80 	
0 81 5 24 1 0.75937 81 	
0 82 6 24 1 0.660875 82 	
0 83 7 24 1 -0.377189 83 	
0 84 8 24 1 -0.0270326 84 	
0 85 9 24 1 -0.329785 85 	
0 86 10 24 1 -0.281478 86 	
0 87 11 24 1 -0.324353 87 	
0 88 12 24 1 -0.181728 88 	
0 89 13 24 1 0.586895 89 	
0 90 14 24 1 -0.658527 90 	
0 91 15 24 1 -0.116969 91 	
0 92 16 24 1 0.536825 92 	
0 93 17 24 1 0.0565967 93 	
0 94 18 24 1 -0.135918 94 	
0 95 19 24 1 0.457502 95 	
0 96 20 24 1 -0.201014 96 	
0 97 21 24 1 0.10265 97 	
0 98 22 24 1 -0.234674 98 	
0 99 23 24 1 0.166587 99 	
0 100 3 24 1 -0.71406 100 	
0 101 4 25 1 1.46068 101 	
0 102 5 25 1 1.60797 102 	
0 103 6 25 1 1.48531 103 	
0 104 7 25 1 -1.35218 104 	
0 105 8 25 1 -3.01421 105 	
0 106 9 25 1 -1.28463 106 	
0 107 10 25 1 -3.75824 107 	
0 108 11 25 1 -0.00771843 108 	
0 109 12 25 1 -0.665954 109 	
0 110 13 25 1 1.53081 110 	
0 111 14 25 1 -1.32458 111 	
0 112 15 25 1 -4.73759 112 	
0 113 16 25 1 1.12641 113 	
0 114 17 25 1 0.900514 114 	
0 115 18 25 1 -0.403804 115 	
0 116 19 25 1 2.13506 116 	
0 117 20 25 1 -3.54035 117 	
0 118 21 25 1 -0.288517 118 	
0 119 22 25 1 -1.76799 119 	
0 120 23 25 1 0.101912 120 	
0 121 3 25 1 -1.14501 121 	
0 122 4 26 1 -0.971523 122 	
0 123 5 26 1 2.36479 123 	
0 124 6 26 1 2.20389 124 	
0 125 7 26 1 -2.18801 125 	
0 126 8 26 1 0.217946 126 	
0 127 9 26 1 -0.065586 127 	
0 128 10 26 1 -0.0325744 128 	
0 129 11 26 1 -0.00912511 129 	
0 130 12 26 1 4.36794 130 	
0 131 13 26 1 2.42016 131 	
0 132 14 26 1 -0.468002 132 	
0 133 15 26 1 0.778335 133 	
0 134 16 26 1 2.29914 134 	
0 135 17 26 1 -0.481475 135 	
0 136 18 26 1 3.40859 136 	
0 137 19 26 1 1.67355 137 	
0 138 20 26 1 0.0448042 138 	
0 139 21 26 1 -7.12645 139 	
0 140 22 26 1 -0.823258 140 	
0 141 23 26 1 0.534113 141 	
0 142 3 26 1 -1.5631 142 	
0 143 4 27 1 -4.2651 143 	
0 144 5 27 1 5.84067 144 	
0 145 6 27 1 5.50308 145 	
0 146 7 27 1 -5.19842 146 	
0 147 8 27 1 2.75646 147 	
0 148 9 27 1 5.96907 148 	
0 149 10 27 1 -2.49435 149 	
0 150 11 27 1 -0.492459 150 	
0 151 12 27 1 -4.17234 151 	
0 152 13 27 1 5.45513 152 	
0 153 14 27 1 -5.40175 153 	
0 154 15 27 1 -2.60879 154 	
0 155 16 27 1 5.13168 155 	
0 156 17 27 1 -24.9723 156 	
0 157 18 27 1 14.6689 157 	
0 158 19 27 1 3.96623 158 	
0 159 20 27 1 4.26222 159 	
0 160 21 27 1 3.10899 160 	
0 161 22 27 1 -2.95838 161 	
0 162 23 27 1 12.323 162 	
0 163 3 27 1 -3.48959 163 	
0 164 4 28 1 -0.34837 164 	
0 165 5 28 1 5.33066 165 	
0 166 6 28 1 4.38011 166 	
0 167 7 28 1 -4.10693 167 	
0 168 8 28 1 1.52098 168 	
0 169 9 28 1 -1.06793 169 	
0 170 10 28 1 -0.507056 170 	
0 171 11 28 1 0.040851 171 	
0 172 12 28 1 23.6068 172 	
0 173 13 28 1 4.64446 173 	
0 174 14 28 1 -0.219964 174 	
0 175 15 28 1 0.237765 175 	
0 176 16 28 1 3.9566 176 	
0 177 17 28 1 1.83579 177 	
0 178 18 28 1 1.18485 178 	
0 179 19 28 1 2.44461 179 	
0 180 20 28 1 0.445825 180 	
0 181 21 28 1 -1.91199 181 	
0 182 22 28 1 0.825079 182 	
0 183 23 28 1 -1.75756 183 	
0 184 3 28 1 -3.27344 184 	
0 185 4 29 1 -2.55869 185 	
0 186 5 29 1 3.87758 186 	
0 187 6 29 1 2.73329 187 	
0 188 7 29 1 -2.31716 188 	
0 189 8 29 1 2.13041 189 	
0 190 9 29 1 1.15032 190 	
0 191 10 29 1 -2.10572 191 	
0 192 11 29 1 -0.00393852 192 	
0 193 12 29 1 1.4969 193 	
0 194 13 29 1 2.89544 194 	
0 195 14 29 1 7.82798 195 	
0 196 15 29 1 -2.25765 196 	
0 197 16 29 1 2.71252 197 	
0 198 17 29 1 10.2444 198 	
0 199 18 29 1 -1.47795 199 	
0 200 19 29 1 2.17619 200 	
0 201 20 29 1 11.3369 201 	
0 202 21 29 1 -8.66544 202 	
0 203 22 29 1 -2.7506 203 	
0 204 23 29 1 -10.4637 204 	
0 205 3 29 1 -2.68413 205 	
0 206 4 30 1 -5.02057 206 	
0 207 5 30 1 5.92626 207 	
0 208 6 30 1 4.30323 208 	
0 209 7 30 1 -4.05224 209 	
0 210 8 30 1 19.7738 210 	
0 211 9 30 1 0.824249 211 	
0 212 10 30 1 -5.91778 212 	
0 213 11 30 1 -0.00091714 213 	
0 214 12 30 1 -15.7332 214 	
0 215 13 30 1 4.77204 215 	
0 216 14 30 1 4.45169 216 	
0 217 15 30 1 -5.28549 217 	
0 218 16 30 1 4.29255 218 	
0 219 17 30 1 5.67798 219 	
0 220 18 30 1 -5.95946 220 	
0 221 19 30 1 5.3972 221 	
0 222 20 30 1 -0.648946 222 	
0 223 21 30 1 -1.44412 223 	
0 224 22 30 1 -6.03776 224 	
0 225 23 30 1 -20.8082 225 	
0 226 3 30 1 -3.95433 226 	
0 227 4 31 1 -0.145384 227 	
0 228 5 31 1 2.35291 228 	
0 229 6 31 1 1.60669 229 	
0 230 7 31 1 -1.71953 230 	
0 231 8 31 1 17.3093 231 	
0 232 9 31 1 -1.04322 232 	
0 233 10 31 1 -0.274877 233 	
0 234 11 31 1 0.00295464 234 	
0 235 12 31 1 -6.60358 235 	
0 236 13 31 1 1.94087 236 	
0 237 14 31 1 -21.8014 237 	
0 238 15 31 1 -0.57862 238 	
0 239 16 31 1 1.40103 239 	
0 240 17 31 1 5.25008 240 	
0 241 18 31 1 -0.823927 241 	
0 242 19 31 1 1.47457 242 	
0 243 20 31 1 -0.669177 243 	
0 244 21 31 1 2.22309 244 	
0 245 22 31 1 -1.0815 245 	
0 246 23 31 1 -4.65529 246 	
0 247 3 31 1 -1.69935 247 	
0 248 4 32 1 -4.46433 248 	
0 249 5 32 1 5.74457 249 	
0 250 6 32 1 5.03868 250 	
0 251 7 32 1 -4.86411 251 	
0 252 8 32 1 0.349083 252 	
0 253 9 32 1 -3.46995 253 	
0 254 10 32 1 -4.95286 254 	
0 255 11 32 1 -0.00352384 255 	
0 256 12 32 1 7.53122 256 	
0 257 13 32 1 5.17486 257 	
0 258 14 32 1 24.8062 258 	
0 259 15 32 1 -1.00739 259 	
0 260 16 32 1 5.29199 260 	
0 261 17 32 1 4.18653 261 	
0 262 18 32 1 -5.76561 262 	
0 263 19 32 1 0.215546 263 	
0 264 20 32 1 -3.10281 264 	
0 265 21 32 1 4.45338 265 	
0 266 22 32 1 -2.31665 266 	
0 267 23 32 1 -20.6841 267 	
0 268 3 32 1 -3.57277 268 	
0 269 4 33 1 -6.20092 269 	
0 270 5 33 1 8.08629 270 	
0 271 6 33 1 7.5547 271 	
0 272 7 33 1 -7.57654 272 	
0 273 8 33 1 -8.3827 273 	
0 274 9 33 1 -16.1445 274 	
0 275 10 33 1 -4.63297 275 	
0 276 11 33 1 -0.00869053 276 	
0 277 12 33 1 -2.39933 277 	
0 278 13 33 1 7.82101 278 	
0 279 14 33 1 33.3185 279 	
0 280 15 33 1 -2.83811 280 	
0 281 16 33 1 7.57473 281 	
0 282 17 33 1 8.56624 282 	
0 283 18 33 1 -4.94868 283 	
0 284 19 33 1 -17.8981 284 	
0 285 20 33 1 -4.18683 285 	
0 286 21 33 1 0.973256 286 	
0 287 22 33 1 -3.53966 287 	
0 288 23 33 1 2.71561 288 	
0 289 3 33 1 -4.76586 289 	
0 290 4 34 1 -3.59273 290 	
0 291 5 34 1 4.08382 291 	
0 292 6 34 1 3.54967 292 	
0 293 7 34 1 -3.26315 293 	
0 294 8 34 1 -6.11357 294 	
0 295 9 34 1 -1.13133 295 	
0 296 10 34 1 -2.68208 296 	
0 297 11 34 1 -5.07751e-05 297 	
0 298 12 34 1 -13.1965 298 	
0 299 13 34 1 3.69319 299 	
0 300 14 34 1 -3.91688 300 	
0 301 15 34 1 3.91432 301 	
0 302 16 34 1 3.45814 302 	
0 303 17 34 1 -17.1085 303 	
0 304 18 34 1 -1.75738 304 	
0 305 19 34 1 -0.680055 305 	
0 306 20 34 1 -1.79267 306 	
0 307 21 34 1 -10.1978 307 	
0 308 22 34 1 4.99196 308 	
0 309 23 34 1 0.486281 309 	
0 310 3 34 1 -2.58592 310 	
0 311 4 35 1 -2.44697 311 	
0 312 5 35 1 2.75675 312 	
0 313 6 35 1 2.05527 313 	
0 314 7 35 1 -2.11904 314 	
0 315 8 35 1 1.14433 315 	
0 316 9 35 1 0.985991 316 	
0 317 10 35 1 -1.72936 317 	
0 318 11 35 1 -0.00372972 318 	
0 319 12 35 1 -1.32686 319 	
0 320 13 35 1 2.15267 320 	
0 321 14 35 1 -3.01134 321 	
0 322 15 35 1 2.1355 322 	
0 323 16 35 1 1.85024 323 	
0 324 17 35 1 -2.93876 324 	
0 325 18 35 1 -1.5851 325 	
0 326 19 35 1 20.4021 326 	
0 327 20 35 1 -1.86291 327 	
0 328 21 35 1 -1.8562 328 	
0 329 22 35 1 4.16378 329 	
0 330 23 35 1 1.30903 330 	
0 331 3 35 1 -1.96328 331 	
0 332 4 36 1 -0.961797 332 	
0 333 5 36 1 1.3796 333 	
0 334 6 36 1 0.772387 334 	
0 335 7 36 1 -0.908192 335 	
0 336 8 36 1 0.738543 336 	
0 337 9 36 1 0.157543 337 	
0 338 10 36 1 -1.34411 338 	
0 339 11 36 1 0.00333075 339 	
0 340 12 36 1 -2.86754 340 	
0 341 13 36 1 0.97218 341 	
0 342 14 36 1 -1.5442 342 	
0 343 15 36 1 -0.776952 343 	
0 344 16 36 1 0.610388 344 	
0 345 17 36 1 -0.305524 345 	
0 346 18 36 1 -0.858794 346 	
0 347 19 36 1 7.35904 347 	
0 348 20 36 1 -0.876312 348 	
0 349 21 36 1 3.23332 349 	
0 350 22 36 1 -1.42627 350 	
0 351 23 36 1 0.71308 351 	
0 352 3 36 1 -1.37637 352 	
0 353 4 37 1 -0.669819 353 	
0 354 5 37 1 1.52965 354 	
0 355 6 37 1 1.28524 355 	
0 356 7 37 1 -1.09255 356 	
0 357 8 37 1 0.446577 357 	
0 358 9 37 1 -1.56992 358 	
0 359 10 37 1 -0.104637 359 	
0 360 11 37 1 -0.0116482 360 	
0 361 12 37 1 -2.3882 361 	
0 362 13 37 1 1.22851 362 	
0 363 14 37 1 -1.18476 363 	
0 364 15 37 1 -3.79494 364 	
0 365 16 37 1 1.02052 365 	
0 366 17 37 1 -0.125372 366 	
0 367 18 37 1 0.875071 367 	
0 368 19 37 1 2.05635 368 	
0 369 20 37 1 -0.822978 369 	
0 370 21 37 1 1.84582 370 	
0 371 22 37 1 -4.32208 371 	
0 372 23 37 1 -0.74313 372 	
0 373 3 37 1 -1.41689 373 	
0 374 4 38 1 -2.05742 374 	
0 375 5 38 1 2.54484 375 	
0 376 6 38 1 1.93887 376 	
0 377 7 38 1 -1.8692 377 	
0 378 8 38 1 0.585552 378 	
0 379 9 38 1 0.193108 379 	
0 380 10 38 1 -1.49151 380 	
0 381 11 38 1 0.00110125 381 	
0 382 12 38 1 2.7512 382 	
0 383 13 38 1 1.99172 383 	
0 384 14 38 1 -2.73142 384 	
0 385 15 38 1 0.371214 385 	
0 386 16 38 1 1.66158 386 	
0 387 17 38 1 -2.34881 387 	
0 388 18 38 1 -0.883648 388 	
0 389 19 38 1 11.7354 389 	
0 390 20 38 1 -1.38526 390 	
0 391 21 38 1 -2.28568 391 	
0 392 22 38 1 11.5395 392 	
0 393 23 38 1 0.88328 393 	
0 394 3 38 1 -1.78798 394 	
0 395 4 39 1 -1.03473 395 	
0 396 5 39 1 1.77645 396 	
0 397 6 39 1 1.61388 397 	
0 398 7 39 1 -1.65404 398 	
0 399 8 39 1 0.781176 399 	
0 400 9 39 1 0.369484 400 	
0 401 10 39 1 -1.12526 401 	
0 402 11 39 1 -0.0070674 402 	
0 403 12 39 1 -2.20197 403 	
0 404 13 39 1 1.72078 404 	
0 405 14 39 1 -1.5167 405 	
0 406 15 39 1 -4.64773 406 	
0 407 16 39 1 1.62135 407 	
0 408 17 39 1 -1.38589 408 	
0 409 18 39 1 -0.967866 409 	
0 410 19 39 1 6.6962 410 	
0 411 20 39 1 -1.00313 411 	
0 412 21 39 1 -0.305111 412 	
0 413 22 39 1 3.02233 413 	
0 414 23 39 1 1.07022 414 	
0 415 3 39 1 -1.29291 415 	
0 416 4 40 1 -4.39722 416 	
0 417 5 40 1 5.40236 417 	
0 418 6 40 1 4.69972 418 	
0 419 7 40 1 -4.33254 419 	
0 420 8 40 1 -1.76468 420 	
0 421 9 40 1 2.08246 421 	
0 422 10 40 1 -3.12619 422 	
0 423 11 40 1 -0.0028603 423 	
0 424 12 40 1 3.78149 424 	
0 425 13 40 1 4.62144 425 	
0 426 14 40 1 11.5939 426 	
0 427 15 40 1 -4.00973 427 	
0 428 16 40 1 4.50058 428 	
0 429 17 40 1 20.5345 429 	
0 430 18 40 1 -3.5935 430 	
0 431 19 40 1 4.04282 431 	
0 432 20 40 1 17.1837 432 	
0 433 21 40 1 3.68363 433 	
0 434 22 40 1 -4.41114 434 	
0 435 23 40 1 -0.583706 435 	
0 436 3 40 1 -3.27778 436 	
0 437 4 41 1 1.94946 437 	
0 438 5 41 1 8.13165 438 	
0 439 6 41 1 7.16473 439 	
0 440 7 41 1 -7.12002 440 	
0 441 8 41 1 2.02608 441 	
0 442 9 41 1 10.5122 442 	
0 443 10 41 1 -1.51257 443 	
0 444 11 41 1 0.00354394 444 	
0 445 12 41 1 -4.33827 445 	
0 446 13 41 1 7.33395 446 	
0 447 14 41 1 17.5409 447 	
0 448 15 41 1 -2.58419 448 	
0 449 16 41 1 6.68046 449 	
0 450 17 41 1 0.670906 450 	
0 451 18 41 1 -2.28235 451 	
0 452 19 41 1 4.26504 452 	
0 453 20 41 1 8.01872 453 	
0 454 21 41 1 18.6363 454 	
0 455 22 41 1 -2.78595 455 	
0 456 23 41 1 8.6231 456 	
0 457 3 41 1 -5.00819 457 	
0 458 4 42 1 10.2802 458 	
0 459 5 42 1 6.28094 459 	
0 460 6 42 1 5.53742 460 	
0 461 7 42 1 -5.25318 461 	
0 462 8 42 1 -2.46421 462 	
0 463 9 42 1 -4.46905 463 	
0 464 10 42 1 13.2637 464 	
0 465 11 42 1 -0.0109769 465 	
0 466 12 42 1 0.409834 466 	
0 467 13 42 1 5.61756 467 	
0 468 14 42 1 6.31907 468 	
0 469 15 42 1 -2.92398 469 	
0 470 16 42 1 5.21041 470 	
0 471 17 42 1 0.604709 471 	
0 472 18 42 1 -0.813869 472 	
0 473 19 42 1 5.1079 473 	
0 474 20 42 1 -19.4263 474 	
0 475 21 42 1 4.99432 475 	
0 476 22 42 1 -3.21111 476 	
0 477 23 42 1 13.6177 477 	
0 478 3 42 1 -3.8479 478 	
0 479 4 43 1 -2.36807 479 	
0 480 5 43 1 2.57657 480 	
0 481 6 43 1 2.21482 481 	
0 482 7 43 1 -1.7221 482 	
0 483 8 43 1 -0.602999 483 	
0 484 9 43 1 -0.853645 484 	
0 485 10 43 1 9.26363 485 	
0 486 11 43 1 -0.00228031 486 	
0 487 12 43 1 -4.31843 487 	
0 488 13 43 1 2.13 488 	
0 489 14 43 1 3.18923 489 	
0 490 15 43 1 -0.571488 490 	
0 491 16 43 1 1.87673 491 	
0 492 17 43 1 0.0110399 492 	
0 493 18 43 1 -1.58632 493 	
0 494 19 43 1 1.14331 494 	
0 495 20 43 1 -7.27473 495 	
0 496 21 43 1 -0.0989312 496 	
0 497 22 43 1 -1.31099 497 	
0 498 23 43 1 1.70908 498 	
0 499 3 43 1 -1.93774 499 	
0 500 4 44 1 -5.26955 500 	
0 501 5 44 1 0.435396 501 	
0 502 6 44 1 0.258045 502 	
0 503 7 44 1 -0.197463 503 	
0 504 8 44 1 -0.429431 504 	
0 505 9 44 1 0.0121057 505 	
0 506 10 44 1 0.16026 506 	
0 507 11 44 1 0.00104852 507 	
0 508 12 44 1 -2.39435 508 	
0 509 13 44 1 0.375312 509 	
0 510 14 44 1 -1.18362 510 	
0 511 15 44 1 -0.19097 511 	
0 512 16 44 1 0.276552 512 	
0 513 17 44 1 0.166956 513 	
0 514 18 44 1 -0.251314 514 	
0 515 19 44 1 0.533012 515 	
0 516 20 44 1 0.287073 516 	
0 517 21 44 1 0.505386 517 	
0 518 22 44 1 -0.47513 518 	
0 519 23 44 1 0.662693 519 	
0 520 3 44 1 -0.835867 520 	
0 521 4 45 1 -4.34636 521 	
0 522 5 45 1 1.58177 522 	
0 523 6 45 1 0.910908 523 	
0 524 7 45 1 -0.531293 524 	
0 525 8 45 1 -0.360904 525 	
0 526 9 45 1 -0.495844 526 	
0 527 10 45 1 4.16832 527 	
0 528 11 45 1 0.000936441 528 	
0 529 12 45 1 -0.903071 529 	
0 530 13 45 1 1.04157 530 	
0 531 14 45 1 1.92576 531 	
0 532 15 45 1 -0.288878 532 	
0 533 16 45 1 0.796667 533 	
0 534 17 45 1 0.296909 534 	
0 535 18 45 1 -0.598578 535 	
0 536 19 45 1 0.611956 536 	
0 537 20 45 1 -0.134104 537 	
0 538 21 45 1 -0.887562 538 	
0 539 22 45 1 -0.33867 539 	
0 540 23 45 1 0.97136 540 	
0 541 3 45 1 -1.38265 541 	
0 542 4 46 1 -30.7902 542 	
0 543 5 46 1 2.80362 543 	
0 544 6 46 1 2.59362 544 	
0 545 7 46 1 -2.33484 545 	
0 546 8 46 1 -2.64627 546 	
0 547 9 46 1 -2.45799 547 	
0 548 10 46 1 3.69721 548 	
0 549 11 46 1 -0.00207711 549 	
0 550 12 46 1 1.13964 550 	
0 551 13 46 1 2.67928 551 	
0 552 14 46 1 0.0432262 552 	
0 553 15 46 1 -2.39724 553 	
0 554 16 46 1 2.3331 554 	
0 555 17 46 1 -2.08527 555 	
0 556 18 46 1 -2.4909 556 	
0 557 19 46 1 2.61432 557 	
0 558 20 46 1 0.532356 558 	
0 559 21 46 1 -1.41909 559 	
0 560 22 46 1 -2.34622 560 	
0 561 23 46 1 -1.72721 561 	
0 562 3 46 1 -1.98137 562 	
0 563 4 47 1 -6.1531 563 	
0 564 5 47 1 1.2358 564 	
0 565 6 47 1 0.872037 565 	
0 566 7 47 1 -0.912205 566 	
0 567 8 47 1 -0.618913 567 	
0 568 9 47 1 -0.811556 568 	
0 569 10 47 1 -2.90979 569 	
0 570 11 47 1 -0.00282412 570 	
0 571 12 47 1 1.80282 571 	
0 572 13 47 1 0.985758 572 	
0 573 14 47 1 -0.555036 573 	
0 574 15 47 1 0.175845 574 	
0 575 16 47 1 0.711899 575 	
0 576 17 47 1 0.646721 576 	
0 577 18 47 1 0.183919 577 	
0 578 19 47 1 0.70673 578 	
0 579 20 47 1 -0.0864503 579 	
0 580 21 47 1 0.490847 580 	
0 581 22 47 1 0.0387387 581 	
0 582 23 47 1 0.147143 582 	
0 583 3 47 1 -1.08804 583 	
0 584 4 48 1 -2.78423 584 	
0 585 5 48 1 4.06894 585 	
0 586 6 48 1 3.55854 586 	
0 587 7 48 1 -2.99307 587 	
0 588 8 48 1 -12.5336 588 	
0 589 9 48 1 2.83599 589 	
0 590 10 48 1 2.88271 590 	
0 591 11 48 1 0.0210603 591 	
0 592 12 48 1 4.19585 592 	
0 593 13 48 1 3.6507 593 	
0 594 14 48 1 -2.66923 594 	
0 595 15 48 1 2.01469 595 	
0 596 16 48 1 3.10542 596 	
0 597 17 48 1 -0.26156 597 	
0 598 18 48 1 1.62402 598 	
0 599 19 48 1 0.548253 599 	
0 600 20 48 1 5.0205 600 	
0 601 21 48 1 -7.69514 601 	
0 602 22 48 1 8.67795 602 	
0 603 23 48 1 0.784558 603 	
0 604 3 48 1 -2.58698 604 	
0 605 4 49 1 -0.947197 605 	
0 606 5 49 1 3.14488 606 	
0 607 6 49 1 1.91466 607 	
0 608 7 49 1 -1.36858 608 	
0 609 8 49 1 -0.0301809 609 	
0 610 9 49 1 3.05755 610 	
0 611 10 49 1 12.4902 611 	
0 612 11 49 1 0.00155071 612 	
0 613 12 49 1 -2.49788 613 	
0 614 13 49 1 2.01284 614 	
0 615 14 49 1 -3.28566 615 	
0 616 15 49 1 -3.77528 616 	
0 617 16 49 1 -0.00127737 617 	
0 618 17 49 1 1.1182 618 	
0 619 18 49 1 -10.3309 619 	
0 620 19 49 1 -2.03985 620 	
0 621 20 49 1 2.08707 621 	
0 622 21 49 1 3.44588 622 	
0 623 22 49 1 -7.87509 623 	
0 624 23 49 1 6.30017 624 	
0 625 3 49 1 -2.48688 625 	
0 626 4 50 1 -2.33827 626 	
0 627 5 50 1 4.25013 627 	
0 628 6 50 1 3.56387 628 	
0 629 7 50 1 -3.33048 629 	
0 630 8 50 1 5.38274 630 	
0 631 9 50 1 -1.31269 631 	
0 632 10 50 1 6.58343 632 	
0 633 11 50 1 0.0167655 633 	
0 634 12 50 1 3.04782 634 	
0 635 13 50 1 3.84135 635 	
0 636 14 50 1 -1.54514 636 	
0 637 15 50 1 -0.531102 637 	
0 638 16 50 1 2.70245 638 	
0 639 17 50 1 -0.156483 639 	
0 640 18 50 1 1.25799 640 	
0 641 19 50 1 3.39993 641 	
0 642 20 50 1 -7.39268 642 	
0 643 21 50 1 -15.0332 643 	
0 644 22 50 1 3.22807 644 	
0 645 23 50 1 0.830103 645 	
0 646 3 50 1 -2.777 646 	
0 647 4 51 1 2.05761 647 	
0 648 5 51 1 3.59383 648 	
0 649 6 51 1 2.40048 649 	
0 650 7 51 1 -1.5925 650 	
0 651 8 51 1 5.18896 651 	
0 652 9 51 1 -1.75243 652 	
0 653 10 51 1 -9.21139 653 	
0 654 11 51 1 0.00232175 654 	
0 655 12 51 1 -2.54721 655 	
0 656 13 51 1 2.54528 656 	
0 657 14 51 1 -2.50226 657 	
0 658 15 51 1 1.35459 658 	
0 659 16 51 1 -0.0830649 659 	
0 660 17 51 1 -5.07974 660 	
0 661 18 51 1 -6.72429 661 	
0 662 19 51 1 -2.17045 662 	
0 663 20 51 1 5.84619 663 	
0 664 21 51 1 2.77575 664 	
0 665 22 51 1 4.76546 665 	
0 666 23 51 1 1.30994 666 	
0 667 3 51 1 -2.88511 667 	
0 668 4 52 1 -0.422801 668 	
0 669 5 52 1 0.771266 669 	
0 670 6 52 1 0.636793 670 	
0 671 7 52 1 -0.578172 671 	
0 672 8 52 1 -0.301046 672 	
0 673 9 52 1 -0.230351 673 	
0 674 10 52 1 -0.331127 674 	
0 675 11 52 1 -0.529502 675 	
0 676 12 52 1 -0.398805 676 	
0 677 13 52 1 0.511994 677 	
0 678 14 52 1 -0.331903 678 	
0 679 15 52 1 0.131499 679 	
0 680 16 52 1 0.472693 680 	
0 681 17 52 1 0.0950568 681 	
0 682 18 52 1 -0.195602 682 	
0 683 19 52 1 0.262281 683 	
0 684 20 52 1 -0.253272 684 	
0 685 21 52 1 0.145033 685 	
0 686 22 52 1 -0.19009 686 	
0 687 23 52 1 0.0826849 687 	
0 688 3 52 1 -0.774492 688 	
0 689 4 53 1 -3.96533 689 	
0 690 5 53 1 2.14958 690 	
0 691 6 53 1 1.64183 691 	
0 692 7 53 1 -1.44184 692 	
0 693 8 53 1 2.1709 693 	
0 694 9 53 1 -1.01463 694 	
0 695 10 53 1 -5.3125 695 	
0 696 11 53 1 0.000237651 696 	
0 697 12 53 1 -1.69399 697 	
0 698 13 53 1 1.53428 698 	
0 699 14 53 1 -1.54343 699 	
0 700 15 53 1 -2.39847 700 	
0 701 16 53 1 0.869072 701 	
0 702 17 53 1 0.828302 702 	
0 703 18 53 1 0.0744125 703 	
0 704 19 53 1 -6.23299 704 	
0 705 20 53 1 1.02467 705 	
0 706 21 53 1 0.347904 706 	
0 707 22 53 1 -4.48545 707 	
0 708 23 53 1 0.480774 708 	
0 709 3 53 1 -1.46434 709 	
0 710 4 54 1 -0.479463 710 	
0 711 5 54 1 0.813956 711 	
0 712 6 54 1 0.50292 712 	
0 713 7 54 1 -0.444037 713 	
0 714 8 54 1 -0.157044 714 	
0 715 9 54 1 -0.641941 715 	
0 716 10 54 1 -0.426507 716 	
0 717 11 54 1 -0.251684 717 	
0 718 12 54 1 -0.110771 718 	
0 719 13 54 1 0.496571 719 	
0 720 14 54 1 -0.474151 720 	
0 721 15 54 1 -0.143523 721 	
0 722 16 54 1 0.587431 722 	
0 723 17 54 1 0.244034 723 	
0 724 18 54 1 -0.273417 724 	
0 725 19 54 1 0.377649 725 	
0 726 20 54 1 -0.157824 726 	
0 727 21 54 1 0.212978 727 	
0 728 22 54 1 -0.162603 728 	
0 729 23 54 1 0.231866 729 	
0 730 3 54 1 -0.800632 730 	
